"N","Time","avg(f)","max(f)"
3257,0,55,55.001
3257,0.049,54.989,54.996
3257,0.098,54.98,55.35
3257,0.147,54.975,56.819
3257,0.196,54.972,56.547
3257,0.245,54.982,60.449
3257,0.294,54.983,59.351
3257,0.343,54.986,58.543
3257,0.392,55.004,63.333
3257,0.441,55.011,61.929
3257,0.49,55.017,60.841
3257,0.539,55.064,77.308
3257,0.588,55.072,73.392
3257,0.637,55.1,70.285
3257,0.686,55.113,67.811
3257,0.735,55.123,65.833
3257,0.784,55.199,79.799
3257,0.833,55.214,76.358
3257,0.882,55.234,73.493
3257,0.931,55.282,78.129
3257,0.98,55.301,74.414
3257,1.029,55.377,89.059
3257,1.078,55.403,84.525
3257,1.127,55.425,80.738
3257,1.176,55.523,85.721
3257,1.225,55.552,81.548
3257,1.274,55.584,78.093
3257,1.323,55.665,110.04
3257,1.372,55.694,100.07
3257,1.421,55.807,105.2
3257,1.47,55.826,98.189
3257,1.519,55.845,92.369
3257,1.568,55.936,103.22
3257,1.617,55.961,96.167
3257,1.666,56.011,90.4
3257,1.715,56.087,129.37
3257,1.764,56.123,116.66
3257,1.813,56.224,106.69
3257,1.862,56.248,98.814
3257,1.911,56.261,92.551
3257,1.96,56.424,139.29
3257,2.009,56.468,123.81
3257,2.058,56.531,111.82
3257,2.107,56.554,102.49
3257,2.156,56.569,95.165
3257,2.205,56.598,94.069
3257,2.254,56.622,90.004
3257,2.303,56.691,86.604
3257,2.352,56.739,97.977
3257,2.401,56.814,92.639
3257,2.45,56.962,136.54
3257,2.499,56.988,125.79
3257,2.548,57.036,116.82
3257,2.597,57.312,151.82
3257,2.646,57.31,138.73
3257,2.695,57.341,127.83
3257,2.744,57.409,118.72
3257,2.793,57.455,111.09
3257,2.842,57.537,104.67
3257,2.891,57.579,99.294
3257,2.94,57.633,94.721
3257,2.989,57.8,151.82
3257,3.038,57.859,138.45
3257,3.087,57.944,127.34
3257,3.136,58.076,118.07
3257,3.185,58.118,110.31
3257,3.234,58.235,141.23
3257,3.283,58.316,130.4
3257,3.332,58.313,121.36
3257,3.381,58.76,175.42
3257,3.43,58.805,150.82
3257,3.479,58.862,133.05
3257,3.528,58.894,120.06
3257,3.577,58.958,110.44
3257,3.626,59.053,127.52
3257,3.675,59.087,116.9
3257,3.724,59.127,108.9
3257,3.773,59.825,196.14
3257,3.822,59.86,177.05
3257,3.871,59.836,161.89
3257,3.92,59.984,149.97
3257,3.969,60.008,139.79
3257,4.018,60.235,202.85
3257,4.067,60.246,184.59
3257,4.116,60.208,170.22
3257,4.165,60.565,174.35
3257,4.214,60.546,160.13
3257,4.263,60.54,148.17
3257,4.312,60.634,230.95
3257,4.361,60.623,209.13
3257,4.41,60.77,204.61
3257,4.459,60.801,185.7
3257,4.508,60.785,169.9
3257,4.557,61.024,159.02
3257,4.606,61.031,145.57
3257,4.655,61.022,136.08
3257,4.704,61.107,128.94
3257,4.753,61.134,122.89
3257,4.802,61.457,214.87
3257,4.851,61.427,181.04
3257,4.9,61.458,157.26
3257,4.949,61.798,195.44
3257,4.998,61.724,178.73
3257,5.047,61.798,184.46
3257,5.096,61.767,168.62
3257,5.145,61.766,155.24
3257,5.194,61.943,215.5
3257,5.243,61.92,196.3
3257,5.292,61.916,180.21
3257,5.341,62.175,176.73
3257,5.39,62.141,161.43
3257,5.439,62.168,148.82
3257,5.488,62.141,138.38
3257,5.537,62.114,130.23
3257,5.586,62.475,268.09
3257,5.635,62.441,233.44
3257,5.684,62.378,206.46
3257,5.733,62.64,237.96
3257,5.782,62.565,209.55
3257,5.831,62.62,187.07
3257,5.88,62.562,169.16
3257,5.929,62.51,154.78
3257,5.978,62.819,192.14
3257,6.027,62.768,174.04
3257,6.076,62.713,159.04
3257,6.125,62.774,161.06
3257,6.174,62.763,145.02
3257,6.223,62.837,188.85
3257,6.272,62.844,172.47
3257,6.321,62.866,158.67
3257,6.37,63.22,208.56
3257,6.419,63.188,188.43
3257,6.468,63.133,171.84
3257,6.517,63.305,207.14
3257,6.566,63.285,188.92
3257,6.615,63.353,173.73
3257,6.664,63.307,161.01
3257,6.713,63.287,150.33
3257,6.762,63.747,224.59
3257,6.811,63.742,205.42
3257,6.86,63.711,189.18
3257,6.909,63.699,175.39
3257,6.958,63.671,163.62
3257,7.007,63.701,158.87
3257,7.056,63.662,144.92
3257,7.105,63.679,137.48
3257,7.154,63.947,133.91
3257,7.203,63.92,127.44
3257,7.252,63.9,121.89
3257,7.301,63.962,165.04
3257,7.35,63.941,148.77
3257,7.399,63.98,199.46
3257,7.448,63.939,181.69
3257,7.497,63.881,166.94
3257,7.546,64.052,167.03
3257,7.595,64.009,151.21
3257,7.644,63.972,138.69
3257,7.693,64.047,140.16
3257,7.742,64.031,126.32
3257,7.791,64.034,117.07
3257,7.84,63.989,112.6
3257,7.889,63.978,108.76
3257,7.938,64.345,195.8
3257,7.987,64.341,178.94
3257,8.036,64.353,164.84
3257,8.085,64.361,153.02
3257,8.134,64.368,143.08
3257,8.183,64.565,211.15
3257,8.232,64.544,191.22
3257,8.281,64.547,174.74
3257,8.33,64.733,161.07
3257,8.379,64.716,149.66
3257,8.428,64.678,140.1
3257,8.477,64.798,217.73
3257,8.526,64.732,197.44
3257,8.575,64.932,199.25
3257,8.624,64.911,182.12
3257,8.673,64.849,168.83
3257,8.722,64.839,157.65
3257,8.771,64.763,148.19
3257,8.82,64.849,144.56
3257,8.869,64.904,192.09
3257,8.918,64.867,174.99
3257,8.967,65.058,164.14
3257,9.016,65.079,152.83
3257,9.065,65.063,143.17
3257,9.114,65.304,188.39
3257,9.163,65.262,175.42
3257,9.212,65.336,192.92
3257,9.261,65.333,175.61
3257,9.31,65.318,161.17
3257,9.359,65.424,149.03
3257,9.408,65.395,138.88
3257,9.457,65.372,130.34
3257,9.506,65.515,189.69
3257,9.555,65.449,175.02
3257,9.604,65.506,167.18
3257,9.653,65.436,156.17
3257,9.702,65.362,146.86
3257,9.751,65.544,190.79
3257,9.8,65.496,174.85
3257,9.849,65.47,161.53
3257,9.898,65.507,160.25
3257,9.947,65.451,147.82
3257,9.996,65.634,211.6
3257,10.045,65.569,192.57
3257,10.094,65.498,176.91
3257,10.143,65.629,163.97
3257,10.192,65.549,153.23
3257,10.241,65.48,144.27
3257,10.29,65.565,175.04
3257,10.339,65.53,162.05
3257,10.388,65.544,212.29
3257,10.437,65.534,194.95
3257,10.486,65.53,180.49
3257,10.535,65.835,168.47
3257,10.584,65.732,158.15
3257,10.633,65.724,149.47
3257,10.682,65.766,187.1
3257,10.731,65.748,170.97
3257,10.78,65.986,197.57
3257,10.829,65.969,181.72
3257,10.878,65.924,168.46
3257,10.927,66.03,157.26
3257,10.976,65.999,147.92
3257,11.025,65.971,140.01
3257,11.074,66.037,142.56
3257,11.123,65.99,134.42
3257,11.172,65.996,140.81
3257,11.221,65.951,130.4
3257,11.27,65.907,121.79
3257,11.319,66.178,141.08
3257,11.368,66.164,131.14
3257,11.417,66.116,123.23
3257,11.466,66.18,208.59
3257,11.515,66.141,191.2
3257,11.564,66.201,176.77
3257,11.613,66.188,164.74
3257,11.662,66.126,154.67
3257,11.711,66.252,146.21
3257,11.76,66.255,139.06
3257,11.809,66.254,132.99
3257,11.858,66.302,212.93
3257,11.907,66.293,189.04
3257,11.956,66.43,192.1
3257,12.005,66.42,176.27
3257,12.054,66.389,163.13
3257,12.103,66.443,155.12
3257,12.152,66.421,143.03
3257,12.201,66.444,135.25
3257,12.25,66.476,218.64
3257,12.299,66.417,194.4
3257,12.348,66.471,175.31
3257,12.397,66.461,160.17
3257,12.446,66.445,148.07
3257,12.495,66.645,197.59
3257,12.544,66.562,182.43
3257,12.593,66.564,169.79
3257,12.642,66.525,159.22
3257,12.691,66.5,150.34
3257,12.74,66.494,142.85
3257,12.789,66.452,136.51
3257,12.838,66.444,131.11
3257,12.887,66.518,141.9
3257,12.936,66.528,133.89
3257,12.985,66.678,196.57
3257,13.034,66.635,179.01
3257,13.083,66.579,164.63
3257,13.132,66.869,192.91
3257,13.181,66.829,176.95
3257,13.23,66.804,163.65
3257,13.279,66.784,152.54
3257,13.328,66.785,143.21
3257,13.377,66.846,137.46
3257,13.426,66.827,128.79
3257,13.475,66.821,123.19
3257,13.524,66.864,181.31
3257,13.573,66.845,166.33
3257,13.622,66.803,153.92
3257,13.671,67.035,191.86
3257,13.72,67.025,177.7
3257,13.769,67.059,167.02
3257,13.818,67.04,156.08
3257,13.867,66.949,147.82
3257,13.916,67.424,197.41
3257,13.965,67.348,174.32
3257,14.014,67.321,157.57
3257,14.063,67.292,145.25
3257,14.112,67.292,136.07
3257,14.161,67.333,156.79
3257,14.21,67.293,140.88
3257,14.259,67.268,132.87
3257,14.308,67.622,183.3
3257,14.357,67.573,168.25
3257,14.406,67.513,155.67
3257,14.455,67.588,152.47
3257,14.504,67.507,141.46
3257,14.553,67.54,174.18
3257,14.602,67.514,162.69
3257,14.651,67.463,152.77
3257,14.7,67.732,171.18
3257,14.749,67.649,160.94
3257,14.798,67.607,152.29
3257,14.847,67.588,145.26
3257,14.896,67.551,138.78
3257,14.945,67.674,153.13
3257,14.994,67.608,138.98
3257,15.043,67.584,132.7
3257,15.092,67.745,175.17
3257,15.141,67.685,154.99
3257,15.19,67.649,140.72
3257,15.239,67.711,152.18
3257,15.288,67.686,141.37
3257,15.337,67.835,212.84
3257,15.386,67.798,189.36
3257,15.435,67.772,171.17
3257,15.484,68.057,200.81
3257,15.533,67.997,179.43
3257,15.582,68.016,169.98
3257,15.631,67.987,157.86
3257,15.68,67.95,147.6
3257,15.729,67.909,138.91
3257,15.778,67.875,131.51
3257,15.827,67.827,125.21
3257,15.876,68.095,208.13
3257,15.925,68.041,185.3
3257,15.974,68.069,167.6
3257,16.023,68.047,153.8
3257,16.072,68.032,142.96
3257,16.121,68.195,261.74
3257,16.17,68.168,231.63
3257,16.219,68.147,208.1
3257,16.268,68.364,189.64
3257,16.317,68.302,174.92
3257,16.366,68.287,163.13
3257,16.415,68.246,153.6
3257,16.464,68.175,145.82
3257,16.513,68.31,178.77
3257,16.562,68.249,163.3
3257,16.611,68.226,150.54
3257,16.66,68.229,139.98
3257,16.709,68.197,131.2
3257,16.758,68.19,135.71
3257,16.807,68.189,128.46
3257,16.856,68.158,122.32
3257,16.905,68.255,147.1
3257,16.954,68.225,138.75
3257,17.003,68.222,131.66
3257,17.052,68.374,193.06
3257,17.101,68.321,179.23
3257,17.15,68.34,167.68
3257,17.199,68.3,158
3257,17.248,68.282,149.86
3257,17.297,68.569,194.01
3257,17.346,68.534,177.65
3257,17.395,68.489,164.09
3257,17.444,68.478,154.21
3257,17.493,68.459,145.88
3257,17.542,68.467,189.57
3257,17.591,68.419,167.88
3257,17.64,68.377,152.13
3257,17.689,68.575,140.55
3257,17.738,68.562,131.91
3257,17.787,68.531,125.36
3257,17.836,68.559,155.23
3257,17.885,68.53,145.16
3257,17.934,68.645,205.23
3257,17.983,68.596,188.26
3257,18.032,68.559,174.16
3257,18.081,68.705,188.01
3257,18.13,68.693,173.25
3257,18.179,68.669,161.16
3257,18.228,68.694,151.19
3257,18.277,68.669,142.95
3257,18.326,68.683,137.17
3257,18.375,68.677,130.37
3257,18.424,68.598,125.56
3257,18.473,68.805,165.6
3257,18.522,68.76,152.43
3257,18.571,68.755,141.51
3257,18.62,68.773,132.34
3257,18.669,68.713,124.8
3257,18.718,68.919,202.62
3257,18.767,68.883,186.49
3257,18.816,68.853,173.07
3257,18.865,68.931,161.85
3257,18.914,68.895,152.41
3257,18.963,68.91,144.44
3257,19.012,68.987,188.06
3257,19.061,68.95,172.99
3257,19.11,69.125,197.1
3257,19.159,69.092,182.56
3257,19.208,69.029,170.33
3257,19.257,68.974,160
3257,19.306,68.949,151.23
3257,19.355,68.975,143.77
3257,19.404,69.015,170.84
3257,19.453,68.951,158.17
3257,19.502,69.094,162.54
3257,19.551,69.025,152.22
3257,19.6,68.98,144.03
3257,19.649,69.117,170.22
3257,19.698,69.065,160.62
3257,19.747,69.049,152.28
3257,19.796,69.021,145.03
3257,19.845,68.988,138.73
3257,19.894,69.1,139.22
3257,19.943,69.051,130.05
3257,19.992,68.994,124.11
3257,20.041,69.035,140.27
3257,20.09,69.04,130.45
3257,20.139,69.028,127.88
3257,20.188,68.97,120.91
3257,20.237,68.946,115.7
3257,20.286,69.147,144.48
3257,20.335,69.108,136.51
3257,20.384,69.105,129.76
3257,20.433,69.137,206.42
3257,20.482,69.124,186.5
3257,20.531,69.229,171.04
3257,20.58,69.197,158.94
3257,20.629,69.136,149.4
3257,20.678,69.415,186.4
3257,20.727,69.35,167.9
3257,20.776,69.271,153.85
3257,20.825,69.267,145.88
3257,20.874,69.204,139.18
3257,20.923,69.166,130.84
3257,20.972,69.136,126.71
3257,21.021,69.097,123.2
3257,21.07,69.425,135.54
3257,21.119,69.39,130.85
3257,21.168,69.363,126.71
3257,21.217,69.314,123.04
3257,21.266,69.294,119.78
3257,21.315,69.398,169.86
3257,21.364,69.366,157.71
3257,21.413,69.355,147.61
3257,21.462,69.465,160.42
3257,21.511,69.446,149.83
3257,21.56,69.448,140.9
3257,21.609,69.52,133.36
3257,21.658,69.516,126.97
3257,21.707,69.496,132.44
3257,21.756,69.459,124.56
3257,21.805,69.434,118.02
3257,21.854,69.635,175.49
3257,21.903,69.578,161.97
3257,21.952,69.532,150.83
3257,22.001,69.581,148.57
3257,22.05,69.527,138.16
3257,22.099,69.588,175.68
3257,22.148,69.581,163.02
3257,22.197,69.527,152.57
3257,22.246,69.583,144
3257,22.295,69.552,136.73
3257,22.344,69.525,130.63
3257,22.393,69.521,125.5
3257,22.442,69.492,121.16
3257,22.491,69.55,143.07
3257,22.54,69.52,135.21
3257,22.589,69.482,128.9
3257,22.638,69.515,131.08
3257,22.687,69.519,125.27
3257,22.736,69.505,120.3
3257,22.785,69.5,116.05
3257,22.834,69.487,112.61
3257,22.883,69.484,109.73
3257,22.932,69.504,107.37
3257,22.981,69.511,105.9
3257,23.03,69.607,164.85
3257,23.079,69.568,154.16
3257,23.128,69.586,145.26
3257,23.177,69.618,157.26
3257,23.226,69.614,146.05
3257,23.275,69.688,137.01
3257,23.324,69.662,128.99
3257,23.373,69.637,122.51
3257,23.422,69.745,152.96
3257,23.471,69.73,144.05
3257,23.52,69.745,168.4
3257,23.569,69.736,155.97
3257,23.618,69.692,145.78
3257,23.667,69.914,192.01
3257,23.716,69.853,178.67
3257,23.765,69.8,167.36
3257,23.814,69.811,157.7
3257,23.863,69.768,149.5
3257,23.912,69.806,142.48
3257,23.961,69.779,136.47
3257,24.01,69.765,131.29
3257,24.059,69.855,156.94
3257,24.108,69.835,146.34
3257,24.157,69.814,137.54
3257,24.206,69.963,168.33
3257,24.255,69.93,158.55
3257,24.304,69.921,150.39
3257,24.353,69.89,143.57
3257,24.402,69.86,137.84
3257,24.451,70.106,134.18
3257,24.5,70.046,128.86
3257,24.549,70.002,125.3
3257,24.598,70.003,122.54
3257,24.647,69.953,120.36
3257,24.696,70.054,139.01
3257,24.745,69.987,127.73
3257,24.794,69.94,121.02
3257,24.843,70.107,175.25
3257,24.892,70.059,162.79
3257,24.941,70.02,152.37
3257,24.99,70.091,164.26
3257,25.039,70.049,154.41
3257,25.088,70.035,146.03
3257,25.137,70.014,138.88
3257,25.186,69.997,132.77
3257,25.235,70.148,146.47
3257,25.284,70.094,134.54
3257,25.333,70.039,125.38
3257,25.382,70.04,128.38
3257,25.431,70.02,123.08
3257,25.48,70.1,171.64
3257,25.529,70.03,159.18
3257,25.578,70.007,148.88
3257,25.627,70.101,187.08
3257,25.676,70.056,173.81
3257,25.725,70.037,162.77
3257,25.774,70.093,176.43
3257,25.823,70.043,160.56
3257,25.872,70.106,148.13
3257,25.921,70.06,138.33
3257,25.97,70.052,130.55
3257,26.019,70.207,157.43
3257,26.068,70.158,147.89
3257,26.117,70.179,139.9
3257,26.166,70.19,133.16
3257,26.215,70.143,127.51
3257,26.264,70.118,122.72
3257,26.313,70.102,118.64
3257,26.362,70.067,115.15
3257,26.411,70.171,176
3257,26.46,70.139,160.18
3257,26.509,70.156,148.7
3257,26.558,70.146,140.04
3257,26.607,70.101,132.75
3257,26.656,70.088,126.57
3257,26.705,70.072,121.34
3257,26.754,70.048,117.23
3257,26.803,70.147,161.36
3257,26.852,70.112,151.72
3257,26.901,70.13,143.63
3257,26.95,70.121,136.81
3257,26.999,70.096,131.03
3257,27.048,70.244,150.62
3257,27.097,70.221,143.14
3257,27.146,70.197,136.81
3257,27.195,70.183,131.43
3257,27.244,70.163,126.85
3257,27.293,70.151,122.93
3257,27.342,70.13,119.56
3257,27.391,70.125,116.66
3257,27.44,70.202,121.54
3257,27.489,70.188,116.04
3257,27.538,70.194,112.45
3257,27.587,70.309,153.72
3257,27.636,70.274,144.83
3257,27.685,70.288,143.02
3257,27.734,70.242,134.25
3257,27.783,70.213,126.91
3257,27.832,70.365,130.29
3257,27.881,70.322,121.46
3257,27.93,70.284,115.09
3257,27.979,70.263,112.06
3257,28.028,70.247,109.72
3257,28.077,70.278,142.84
3257,28.126,70.255,132.65
3257,28.175,70.212,125.15
3257,28.224,70.455,158.52
3257,28.273,70.447,148.45
3257,28.322,70.423,139.98
3257,28.371,70.456,135.14
3257,28.42,70.414,128.35
3257,28.469,70.491,144.53
3257,28.518,70.459,135.81
3257,28.567,70.42,129.81
3257,28.616,70.508,157.44
3257,28.665,70.475,147.5
3257,28.714,70.443,139.35
3257,28.763,70.424,132.62
3257,28.812,70.392,127.04
3257,28.861,70.413,129.63
3257,28.91,70.4,123.11
3257,28.959,70.352,117.81
3257,29.008,70.478,133.66
3257,29.057,70.444,127.32
3257,29.106,70.419,121.99
3257,29.155,70.432,117.5
3257,29.204,70.429,113.69
3257,29.253,70.528,133.69
3257,29.302,70.499,127.55
3257,29.351,70.465,122.52
3257,29.4,70.56,135.25
3257,29.449,70.517,126.87
3257,29.498,70.513,119.91
3257,29.547,70.512,131.44
3257,29.596,70.476,125.08
3257,29.645,70.542,130.26
3257,29.694,70.501,124.47
3257,29.743,70.467,119.76
3257,29.792,70.509,115.9
3257,29.841,70.489,112.74
3257,29.89,70.483,110.11
3257,29.939,70.459,122
3257,29.988,70.431,117.33
3257,30.037,70.48,163.34
3257,30.086,70.426,150.06
3257,30.135,70.381,139.75
3257,30.184,70.446,130.49
3257,30.233,70.422,124.19
3257,30.282,70.434,119.22
3257,30.331,70.39,115.26
3257,30.38,70.357,112.93
3257,30.429,70.49,152.95
3257,30.478,70.477,140.61
3257,30.527,70.454,130.82
3257,30.576,70.497,123.02
3257,30.625,70.475,116.75
3257,30.674,70.466,117.38
3257,30.723,70.435,112.03
3257,30.772,70.405,107.6
3257,30.821,70.554,145.49
3257,30.87,70.511,136.43
3257,30.919,70.481,128.96
3257,30.968,70.478,130.62
3257,31.017,70.456,124.38
3257,31.066,70.503,144.67
3257,31.115,70.495,136.43
3257,31.164,70.486,129.6
3257,31.213,70.692,148.62
3257,31.262,70.649,136.79
3257,31.311,70.602,128.61
3257,31.36,70.623,123.85
3257,31.409,70.599,119.85
3257,31.458,70.559,114.79
3257,31.507,70.538,112.34
3257,31.556,70.511,110.24
3257,31.605,70.652,111.38
3257,31.654,70.627,109.06
3257,31.703,70.596,106.97
3257,31.752,70.574,105.1
3257,31.801,70.541,103.42
3257,31.85,70.658,138.79
3257,31.899,70.626,131.38
3257,31.948,70.597,125.22
3257,31.997,70.683,149.09
3257,32.046,70.644,137.76
3257,32.095,70.624,128.77
3257,32.144,70.625,121.59
3257,32.193,70.622,116.93
3257,32.242,70.63,122.36
3257,32.291,70.601,112.14
3257,32.34,70.585,107.37
3257,32.389,70.649,122.68
3257,32.438,70.63,114.88
3257,32.487,70.607,108.8
3257,32.536,70.652,155.38
3257,32.585,70.604,143.58
3257,32.634,70.616,134.23
3257,32.683,70.601,126.76
3257,32.732,70.565,120.76
3257,32.781,70.591,115.88
3257,32.83,70.549,111.89
3257,32.879,70.534,108.59
3257,32.928,70.517,105.78
3257,32.977,70.514,103.49
3257,33.026,70.606,138.61
3257,33.075,70.608,131.57
3257,33.124,70.597,125.71
3257,33.173,70.598,120.8
3257,33.222,70.572,116.66
3257,33.271,70.578,122.65
3257,33.32,70.574,115.74
3257,33.369,70.566,110.07
3257,33.418,70.59,112.74
3257,33.467,70.571,108.04
3257,33.516,70.559,104.25
3257,33.565,70.648,131.58
3257,33.614,70.603,126.42
3257,33.663,70.622,126.71
3257,33.712,70.631,125.67
3257,33.761,70.609,119.02
3257,33.81,70.638,113.49
3257,33.859,70.614,109.17
3257,33.908,70.586,106.94
3257,33.957,70.624,129.92
3257,34.006,70.599,124.31
3257,34.055,70.614,119.9
3257,34.104,70.596,115.52
3257,34.153,70.581,112.09
3257,34.202,70.658,115.01
3257,34.251,70.643,110.29
3257,34.3,70.625,106.46
3257,34.349,70.643,123.32
3257,34.398,70.616,118.63
3257,34.447,70.643,120.8
3257,34.496,70.617,114.56
3257,34.545,70.583,109.39
3257,34.594,70.611,117.56
3257,34.643,70.591,113.12
3257,34.692,70.558,109.54
3257,34.741,70.628,122.53
3257,34.79,70.602,117.76
3257,34.839,70.582,137.96
3257,34.888,70.556,131.23
3257,34.937,70.531,125.61
3257,34.986,70.602,120.97
3257,35.035,70.572,116.94
3257,35.084,70.558,113.55
3257,35.133,70.543,110.68
3257,35.182,70.507,108.24
3257,35.231,70.567,115.29
3257,35.28,70.555,108.85
3257,35.329,70.521,105.28
3257,35.378,70.529,112.29
3257,35.427,70.507,109.42
3257,35.476,70.472,106.97
3257,35.525,70.514,133.26
3257,35.574,70.478,124.32
3257,35.623,70.49,117.23
3257,35.672,70.471,111.58
3257,35.721,70.443,107.81
3257,35.77,70.529,121.64
3257,35.819,70.502,116.26
3257,35.868,70.482,111.77
3257,35.917,70.478,107.99
3257,35.966,70.453,104.81
3257,36.015,70.486,124.05
3257,36.064,70.453,118.62
3257,36.113,70.437,114.06
3257,36.162,70.485,123.76
3257,36.211,70.479,114.56
3257,36.26,70.465,109.05
3257,36.309,70.485,128.47
3257,36.358,70.46,120.05
3257,36.407,70.503,126.3
3257,36.456,70.488,120.57
3257,36.505,70.469,115.78
3257,36.554,70.508,112.4
3257,36.603,70.48,108.4
3257,36.652,70.494,105.48
3257,36.701,70.49,103.21
3257,36.75,70.464,101.03
3257,36.799,70.461,112.89
3257,36.848,70.448,108.79
3257,36.897,70.426,105.42
3257,36.946,70.474,134.73
3257,36.995,70.454,126.15
3257,37.044,70.449,119.48
3257,37.093,70.437,114.24
3257,37.142,70.411,110.1
3257,37.191,70.391,108.17
3257,37.24,70.371,106.07
3257,37.289,70.36,104.3
3257,37.338,70.38,107.21
3257,37.387,70.361,103.51
3257,37.436,70.378,110.04
3257,37.485,70.365,106.62
3257,37.534,70.34,103.85
3257,37.583,70.418,121.94
3257,37.632,70.396,116.79
3257,37.681,70.381,112.5
3257,37.73,70.377,108.9
3257,37.779,70.37,105.88
3257,37.828,70.374,103.33
3257,37.877,70.369,101.45
3257,37.926,70.347,100.06
3257,37.975,70.384,103.94
3257,38.024,70.37,99.517
3257,38.073,70.363,97.684
3257,38.122,70.388,106.87
3257,38.171,70.363,104.56
3257,38.22,70.361,111.76
3257,38.269,70.349,107.28
3257,38.318,70.334,103.54
3257,38.367,70.417,120.65
3257,38.416,70.393,113.53
3257,38.465,70.384,108.36
3257,38.514,70.373,104.55
3257,38.563,70.362,101.7
3257,38.612,70.377,106.27
3257,38.661,70.352,102.89
3257,38.71,70.33,100.54
3257,38.759,70.46,118.6
3257,38.808,70.437,113.57
3257,38.857,70.407,109.35
3257,38.906,70.417,105.78
3257,38.955,70.403,102.76
3257,39.004,70.42,112.11
3257,39.053,70.384,108.67
3257,39.102,70.352,105.7
3257,39.151,70.417,118.71
3257,39.2,70.39,113.87
3257,39.249,70.37,109.89
3257,39.298,70.367,117.22
3257,39.347,70.349,112.3
3257,39.396,70.358,108.73
3257,39.445,70.34,104.73
3257,39.494,70.314,101.82
3257,39.543,70.348,99.354
3257,39.592,70.326,97.252
3257,39.641,70.305,95.45
3257,39.69,70.289,93.925
3257,39.739,70.274,93.384
3257,39.788,70.317,115.7
3257,39.837,70.294,108.46
3257,39.886,70.27,103.34
3257,39.935,70.318,110.74
3257,39.984,70.288,107.21
3257,40.033,70.282,104.26
3257,40.082,70.263,101.77
3257,40.131,70.244,99.671
3257,40.18,70.269,110.13
3257,40.229,70.243,106.99
3257,40.278,70.221,104.33
3257,40.327,70.256,102.05
3257,40.376,70.243,100.11
3257,40.425,70.241,98.426
3257,40.474,70.227,96.971
3257,40.523,70.205,95.705
3257,40.572,70.269,118.91
3257,40.621,70.248,112.95
3257,40.67,70.224,108.31
3257,40.719,70.259,104.69
3257,40.768,70.227,102.35
3257,40.817,70.225,100.47
3257,40.866,70.188,98.829
3257,40.915,70.169,97.397
3257,40.964,70.197,98.272
3257,41.013,70.174,96.171
3257,41.062,70.157,94.549
3257,41.111,70.16,93.277
3257,41.16,70.15,92.57
3257,41.209,70.151,102.95
3257,41.258,70.135,99.888
3257,41.307,70.123,97.3
3257,41.356,70.171,105.59
3257,41.405,70.144,101.9
3257,41.454,70.131,98.846
3257,41.503,70.138,102.35
3257,41.552,70.116,99.695
3257,41.601,70.135,105.43
3257,41.65,70.113,102.01
3257,41.699,70.096,99.172
3257,41.748,70.188,106.75
3257,41.797,70.166,103.91
3257,41.846,70.142,101.54
3257,41.895,70.136,99.556
3257,41.944,70.116,97.878
3257,41.993,70.099,101.03
3257,42.042,70.082,97.874
3257,42.091,70.07,95.578
3257,42.14,70.097,94.819
3257,42.189,70.075,94.018
3257,42.238,70.061,93.324
3257,42.287,70.054,93.345
3257,42.336,70.036,92.178
3257,42.385,70.052,101.62
3257,42.434,70.034,98.71
3257,42.483,70.011,96.285
3257,42.532,70.015,102.44
3257,42.581,70.003,100.29
3257,42.63,69.98,98.501
3257,42.679,69.978,97.007
3257,42.728,69.96,95.747
3257,42.777,69.947,94.675
3257,42.826,69.93,93.756
3257,42.875,69.917,92.959
3257,42.924,69.949,97.817
3257,42.973,69.929,95.247
3257,43.022,69.915,93.093
3257,43.071,69.908,91.281
3257,43.12,69.895,90.15
3257,43.169,69.898,91.435
3257,43.218,69.879,90.601
3257,43.267,69.864,89.963
3257,43.316,69.875,92.674
3257,43.365,69.863,91.47
3257,43.414,69.852,90.433
3257,43.463,69.864,97.227
3257,43.512,69.846,94.358
3257,43.561,69.859,100.89
3257,43.61,69.839,98.603
3257,43.659,69.828,96.693
3257,43.708,69.819,95.092
3257,43.757,69.801,93.743
3257,43.806,69.799,92.6
3257,43.855,69.795,93.424
3257,43.904,69.781,91.17
3257,43.953,69.792,90.078
3257,44.002,69.783,89.458
3257,44.051,69.777,88.917
3257,44.1,69.79,96.088
3257,44.149,69.774,94.4
3257,44.198,69.773,92.928
3257,44.247,69.768,91.645
3257,44.296,69.75,90.526
3257,44.345,69.752,91.444
3257,44.394,69.735,90.837
3257,44.443,69.726,90.29
3257,44.492,69.73,95.899
3257,44.541,69.713,94.148
3257,44.59,69.702,92.664
3257,44.639,69.687,91.403
3257,44.688,69.673,90.328
3257,44.737,69.683,89.591
3257,44.786,69.668,89.095
3257,44.835,69.651,88.652
3257,44.884,69.649,92.908
3257,44.933,69.632,91.558
3257,44.982,69.642,92.999
3257,45.031,69.624,91.002
3257,45.08,69.608,89.345
3257,45.129,69.608,92.62
3257,45.178,69.591,91.341
3257,45.227,69.571,90.296
3257,45.276,69.578,93.286
3257,45.325,69.561,91.944
3257,45.374,69.553,96.299
3257,45.423,69.536,94.592
3257,45.472,69.524,93.163
3257,45.521,69.537,91.976
3257,45.57,69.521,90.943
3257,45.619,69.509,90.089
3257,45.668,69.496,89.542
3257,45.717,69.481,89.045
3257,45.766,69.486,89.895
3257,45.815,69.472,88.403
3257,45.864,69.456,87.811
3257,45.913,69.452,87.475
3257,45.962,69.435,87.163
3257,46.011,69.423,86.872
3257,46.06,69.419,86.601
3257,46.109,69.406,86.348
3257,46.158,69.393,86.112
3257,46.207,69.379,85.891
3257,46.256,69.366,85.684
3257,46.305,69.371,86.079
3257,46.354,69.357,85.727
3257,46.403,69.343,85.415
3257,46.452,69.341,87.323
3257,46.501,69.329,86.062
3257,46.55,69.328,88.132
3257,46.599,69.316,87.504
3257,46.648,69.301,86.961
3257,46.697,69.303,86.796
3257,46.746,69.291,86.074
3257,46.795,69.281,85.71
3257,46.844,69.272,85.699
3257,46.893,69.26,85.1
3257,46.942,69.256,86.604
3257,46.991,69.242,85.93
3257,47.04,69.229,85.517
3257,47.089,69.225,85.159
3257,47.138,69.213,84.841
3257,47.187,69.202,84.557
3257,47.236,69.193,84.303
3257,47.285,69.181,84.075
3257,47.334,69.172,83.868
3257,47.383,69.161,83.681
3257,47.432,69.148,83.51
3257,47.481,69.145,83.413
3257,47.53,69.133,83.215
3257,47.579,69.123,83.076
3257,47.628,69.11,82.947
3257,47.677,69.098,82.849
3257,47.726,69.088,83.347
3257,47.775,69.075,83.224
3257,47.824,69.064,83.106
3257,47.873,69.055,82.993
3257,47.922,69.044,82.886
3257,47.971,69.038,85.015
3257,48.02,69.026,84.431
3257,48.069,69.013,83.944
3257,48.118,69.009,83.537
3257,48.167,68.997,83.192
3257,48.216,68.986,82.989
3257,48.265,68.975,82.84
3257,48.314,68.963,82.702
3257,48.363,68.953,82.569
3257,48.412,68.942,82.45
3257,48.461,68.93,82.338
3257,48.51,68.921,82.231
3257,48.559,68.909,82.13
3257,48.608,68.898,82.033
3257,48.657,68.888,81.975
3257,48.706,68.877,81.873
3257,48.755,68.866,82.372
3257,48.804,68.855,82.194
3257,48.853,68.843,82.039
3257,48.902,68.834,81.885
3257,48.951,68.823,81.777
3257,49,68.812,81.677
